[52 2] t:0.000000 l:1326
[50 5] t:0.003074 l:2118760
[47 2] t:0.000000 l:1081
[46 1] t:0.000000 l:46
[45 2] t:0.000000 l:990
[43 2] t:0.000000 l:903
[41 2] t:0.000000 l:820
[39 2] t:0.000000 l:741
[37 2] t:0.000000 l:666
[35 2] t:0.000000 l:595
[33 2] t:0.000000 l:528
[31 2] t:0.000000 l:465
[29 2] t:0.000000 l:406
[27 2] t:0.000000 l:351
[10 2] t:0.000000 l:45
[8 2] t:0.000000 l:28
[6 2] t:0.000000 l:15
[4 2] t:0.000000 l:6
Preparing to listen on port :8081
Endpoint Hit: evaluate odds
2 villains
Desired Samples Per Villain 141
Community combinations count 1
Worker count: 1
closed communtiyCombinationsChannel
c [[0 1] [2 3]] combo [[0 1] [0 1]] ci [0 0]
c [[0 1] [2 4]] combo [[0 1] [0 2]] ci [0 1]
c [[0 1] [2 5]] combo [[0 1] [0 3]] ci [0 2]
c [[0 1] [3 4]] combo [[0 1] [1 2]] ci [0 3]
c [[0 1] [3 5]] combo [[0 1] [1 3]] ci [0 4]
c [[0 1] [4 5]] combo [[0 1] [2 3]] ci [0 5]
c [[0 2] [1 3]] combo [[0 2] [0 1]] ci [1 0]
c [[0 2] [1 4]] combo [[0 2] [0 2]] ci [1 1]
c [[0 2] [1 5]] combo [[0 2] [0 3]] ci [1 2]
c [[0 2] [3 4]] combo [[0 2] [1 2]] ci [1 3]
c [[0 2] [3 5]] combo [[0 2] [1 3]] ci [1 4]
c [[0 2] [4 5]] combo [[0 2] [2 3]] ci [1 5]
c [[0 3] [1 2]] combo [[0 3] [0 1]] ci [2 0]
c [[0 3] [1 4]] combo [[0 3] [0 2]] ci [2 1]
c [[0 3] [1 5]] combo [[0 3] [0 3]] ci [2 2]
c [[0 3] [2 4]] combo [[0 3] [1 2]] ci [2 3]
c [[0 3] [2 5]] combo [[0 3] [1 3]] ci [2 4]
c [[0 3] [4 5]] combo [[0 3] [2 3]] ci [2 5]
c [[0 4] [1 2]] combo [[0 4] [0 1]] ci [3 0]
c [[0 4] [1 3]] combo [[0 4] [0 2]] ci [3 1]
c [[0 4] [1 5]] combo [[0 4] [0 3]] ci [3 2]
c [[0 4] [2 3]] combo [[0 4] [1 2]] ci [3 3]
c [[0 4] [2 5]] combo [[0 4] [1 3]] ci [3 4]
c [[0 4] [3 5]] combo [[0 4] [2 3]] ci [3 5]
c [[0 5] [1 2]] combo [[0 5] [0 1]] ci [4 0]
c [[0 5] [1 3]] combo [[0 5] [0 2]] ci [4 1]
c [[0 5] [1 4]] combo [[0 5] [0 3]] ci [4 2]
c [[0 5] [2 3]] combo [[0 5] [1 2]] ci [4 3]
c [[0 5] [2 4]] combo [[0 5] [1 3]] ci [4 4]
c [[0 5] [3 4]] combo [[0 5] [2 3]] ci [4 5]
c [[0 3] [1 2]] combo [[1 2] [0 1]] ci [5 0]
c [[0 4] [1 2]] combo [[1 2] [0 2]] ci [5 1]
c [[0 5] [1 2]] combo [[1 2] [0 3]] ci [5 2]
c [[1 2] [3 4]] combo [[1 2] [1 2]] ci [5 3]
c [[1 2] [3 5]] combo [[1 2] [1 3]] ci [5 4]
c [[1 2] [4 5]] combo [[1 2] [2 3]] ci [5 5]
c [[0 2] [1 3]] combo [[1 3] [0 1]] ci [6 0]
c [[0 4] [1 3]] combo [[1 3] [0 2]] ci [6 1]
c [[0 5] [1 3]] combo [[1 3] [0 3]] ci [6 2]
c [[1 3] [2 4]] combo [[1 3] [1 2]] ci [6 3]
c [[1 3] [2 5]] combo [[1 3] [1 3]] ci [6 4]
c [[1 3] [4 5]] combo [[1 3] [2 3]] ci [6 5]
c [[0 2] [1 4]] combo [[1 4] [0 1]] ci [7 0]
c [[0 3] [1 4]] combo [[1 4] [0 2]] ci [7 1]
c [[0 5] [1 4]] combo [[1 4] [0 3]] ci [7 2]
c [[1 4] [2 3]] combo [[1 4] [1 2]] ci [7 3]
c [[1 4] [2 5]] combo [[1 4] [1 3]] ci [7 4]
c [[1 4] [3 5]] combo [[1 4] [2 3]] ci [7 5]
c [[0 2] [1 5]] combo [[1 5] [0 1]] ci [8 0]
c [[0 3] [1 5]] combo [[1 5] [0 2]] ci [8 1]
c [[0 4] [1 5]] combo [[1 5] [0 3]] ci [8 2]
c [[1 5] [2 3]] combo [[1 5] [1 2]] ci [8 3]
c [[1 5] [2 4]] combo [[1 5] [1 3]] ci [8 4]
c [[1 5] [3 4]] combo [[1 5] [2 3]] ci [8 5]
c [[0 1] [2 3]] combo [[2 3] [0 1]] ci [9 0]
c [[0 4] [2 3]] combo [[2 3] [0 2]] ci [9 1]
c [[0 5] [2 3]] combo [[2 3] [0 3]] ci [9 2]
c [[1 4] [2 3]] combo [[2 3] [1 2]] ci [9 3]
c [[1 5] [2 3]] combo [[2 3] [1 3]] ci [9 4]
c [[2 3] [4 5]] combo [[2 3] [2 3]] ci [9 5]
c [[0 1] [2 4]] combo [[2 4] [0 1]] ci [10 0]
c [[0 3] [2 4]] combo [[2 4] [0 2]] ci [10 1]
c [[0 5] [2 4]] combo [[2 4] [0 3]] ci [10 2]
c [[1 3] [2 4]] combo [[2 4] [1 2]] ci [10 3]
c [[1 5] [2 4]] combo [[2 4] [1 3]] ci [10 4]
c [[2 4] [3 5]] combo [[2 4] [2 3]] ci [10 5]
c [[0 1] [2 5]] combo [[2 5] [0 1]] ci [11 0]
c [[0 3] [2 5]] combo [[2 5] [0 2]] ci [11 1]
c [[0 4] [2 5]] combo [[2 5] [0 3]] ci [11 2]
c [[1 3] [2 5]] combo [[2 5] [1 2]] ci [11 3]
c [[1 4] [2 5]] combo [[2 5] [1 3]] ci [11 4]
c [[2 5] [3 4]] combo [[2 5] [2 3]] ci [11 5]
c [[0 1] [3 4]] combo [[3 4] [0 1]] ci [12 0]
c [[0 2] [3 4]] combo [[3 4] [0 2]] ci [12 1]
c [[0 5] [3 4]] combo [[3 4] [0 3]] ci [12 2]
c [[1 2] [3 4]] combo [[3 4] [1 2]] ci [12 3]
c [[1 5] [3 4]] combo [[3 4] [1 3]] ci [12 4]
c [[2 5] [3 4]] combo [[3 4] [2 3]] ci [12 5]
c [[0 1] [3 5]] combo [[3 5] [0 1]] ci [13 0]
c [[0 2] [3 5]] combo [[3 5] [0 2]] ci [13 1]
c [[0 4] [3 5]] combo [[3 5] [0 3]] ci [13 2]
c [[1 2] [3 5]] combo [[3 5] [1 2]] ci [13 3]
c [[1 4] [3 5]] combo [[3 5] [1 3]] ci [13 4]
c [[2 4] [3 5]] combo [[3 5] [2 3]] ci [13 5]
c [[0 1] [4 5]] combo [[4 5] [0 1]] ci [14 0]
c [[0 2] [4 5]] combo [[4 5] [0 2]] ci [14 1]
c [[0 3] [4 5]] combo [[4 5] [0 3]] ci [14 2]
c [[1 2] [4 5]] combo [[4 5] [1 2]] ci [14 3]
c [[1 3] [4 5]] combo [[4 5] [1 3]] ci [14 4]
c [[2 3] [4 5]] combo [[4 5] [2 3]] ci [14 5]
Odds evaluated
